1  0  0  0  0  
0.673453 0.326547 0 0 0 
0 0.657384 0.342616 0 0 
0 0 0.71397 0.28603 0 
0 0 0 0.72555 0.27445 
0 0 0 0 1 
0.312887 0.0149603 0.0654677 0.0106127 0.000879607 2.377e-005 0.466053 0.129116 
0.721166 0.000535202 0.00862874 4.267e-005 0.00697076 7.31611e-005 0.254034 0.00854991 
0.800971 0.00189749 0.00475743 5.36263e-005 0.0264639 0.000128023 0.16467 0.00105926 
0.764042 0.00066268 0.00623149 0.000121944 0.0385229 0.000118934 0.190004 0.000296565 
0.534703 1.15317e-008 0.000366023 0.000397871 0.00586943 0.000384054 0.456228 0.00205123 
