1  0  0  0  0  
0.815081 0.184919 0 0 0 
0 0.710377 0.289623 0 0 
0 0 0.781364 0.218636 0 
0 0 0 0.968719 0.0312815 
0 0 0 0 1 
0.115507 0.319333 0.403431 0.00413445 0.00122695 0.00122449 0.144257 0.0108849 
0.100049 0.131267 0.536936 0.00135533 0.0012376 0.00122449 0.194975 0.032954 
0.125029 0.0122154 0.0847784 0.00125505 0.00124303 0.00122449 0.654995 0.119259 
0.162051 0.00869897 0.0329623 0.00176534 0.00129884 0.00122449 0.543844 0.248155 
0.108139 0.142751 0.28921 0.00136525 0.00840823 0.00122449 0.314945 0.133957 
