1  0  0  0  0  
0.827945 0.172055 0 0 0 
0 0.823479 0.176521 0 0 
0 0 0.795101 0.204899 0 
0 0 0 0.874407 0.125593 
0 0 0 0 1 
0.231368 0.0231444 0.0270209 0.052025 2.11118e-008 3.30495e-009 0.202778 0.463664 
0.142706 0.031384 0.0920528 0.0116986 0.000113851 1.48838e-006 0.471809 0.250235 
0.25668 0.0445446 0.0553352 0.0502817 0.0029437 0.000592901 0.317491 0.272131 
0.323933 0.0630029 0.0758046 0.101042 0.0242574 0.0189344 0.151439 0.241587 
0.183597 0.17096 0.0534735 0.0112336 0.00399259 0.000342323 0.401493 0.174908 
