3.23401 2.04406 2.22819 1.01712 1.58582 -0.163715 0.884813 -0.287849 0.296234 -0.0433163 0.191201 0.0540107
3.29451 1.98031 1.70257 0.736998 1.96735 -0.256613 0.604986 -0.263445 0.313759 -0.211981 0.417359 0.0866024
3.00424 2.02426 1.03562 0.592958 1.5455 0.16284 0.123632 -0.198211 0.559461 0.121278 0.27626 0.0414488
2.82845 1.93397 1.18731 0.817585 1.06935 -0.11946 0.357998 -0.247389 0.546434 0.396771 0.220183 0.0229967
2.79979 1.89633 1.21768 0.99236 0.826004 0.634258 1.05128 0.662357 0.516502 0.28146 0.0790803 -0.0111545
2.72687 1.96314 1.46401 0.640333 1.1072 1.20092 1.06266 1.28927 0.630205 0.150896 0.117475 -0.000192795
2.79695 1.76525 1.17602 0.462014 1.71715 1.07479 1.03529 1.30152 0.657524 0.135739 0.267739 0.0100424
2.93024 1.79772 0.424631 1.20785 1.54975 0.886493 0.76586 0.808664 0.6175 0.259693 0.337148 0.0274428
3.07911 1.90711 0.565711 1.13326 0.0517835 1.41426 0.0592994 0.451345 1.18191 0.235306 0.434258 0.0457011
2.91077 2.10577 1.36337 0.483495 0.14153 1.15664 -0.0341918 0.324833 1.14813 0.227515 0.436581 0.0421074
3.21646 2.46757 1.59354 0.00481587 0.833346 1.41856 0.516422 -0.265667 0.373057 -0.370762 0.391159 0.0432765
3.24223 1.97905 1.85616 0.337534 0.970234 2.02602 0.371387 -0.455484 0.299547 0.0550358 0.155725 0.0648212
3.14368 1.88855 1.45878 0.270808 1.46519 1.30448 0.797321 -0.606676 -0.193923 0.330035 -0.052578 0.0208274
3.27422 1.9024 1.16087 0.407898 1.40289 1.05855 1.12954 -0.686633 -0.448731 0.255618 -0.226935 -0.010233
3.33819 1.85224 1.24129 0.328919 1.37911 1.42408 1.36561 -0.701829 -0.52927 0.147901 -0.177829 -0.0119064
3.23551 1.90934 1.48261 0.229732 1.62649 1.77152 1.29491 -0.033791 -0.10645 0.248058 0.0503492 0.0332548
3.20388 1.89122 1.23668 -0.448477 1.84779 0.837102 1.01152 0.119607 0.0232856 0.329393 0.55281 0.0948498
3.00066 1.48449 0.764743 0.271478 1.75964 0.248745 0.843125 -0.121061 0.188529 -0.00446675 0.85554 0.120003
2.81276 1.39492 0.522577 -0.175256 1.71215 0.568315 0.617392 -0.493767 -0.085017 0.00778718 0.808148 0.144799
2.67749 1.69558 0.852337 0.0589232 1.9892 1.17811 0.645562 -0.523305 -0.346094 0.415068 0.462894 0.0919996
2.63154 2.23838 1.33023 0.475677 1.61826 1.75671 0.536684 -0.677007 0.125231 0.611068 0.232848 0.0418813
2.72519 2.35596 0.989329 -0.0826153 1.49334 2.58745 0.586709 -0.599828 0.337677 0.400754 0.229121 0.0707932
