1  0  0  0  0  
0.798384 0.201616 0 0 0 
0 0.928361 0.071639 0 0 
0 0 0.67529 0.32471 0 
0 0 0 0.924265 0.0757349 
0 0 0 0 1 
0.288529 0.0122011 0.188021 0.0439306 9.86194e-010 9.58333e-051 0.308296 0.159022 
0.0794585 0.0161913 0.428483 0.000782512 4.23108e-006 7.66233e-050 0.453982 0.021099 
0.15107 0.128021 0.17416 4.4157e-007 0.0220672 8.35879e-026 0.273182 0.251499 
0.363863 0.159172 0.0189132 0.00247525 0.13211 1.51535e-010 0.0482213 0.275246 
0.088418 0.0370848 0.378559 0.00840828 0.000994984 0.00496829 0.443034 0.0385319 
