1.81149 0.814426 2.68216 -0.41693 1.20785 1.76477 -0.0442523 -0.0932405 0.304857 -0.101704 0.052875 0.111883
1.72763 1.11029 2.66916 -0.211163 1.30458 1.74154 0.101714 -0.0420031 0.372979 -0.0294344 0.0675828 0.109884
1.47469 1.74541 2.21342 0.306921 1.61309 1.26577 0.932347 0.0537296 0.355514 0.02279 0.345771 0.0592404
1.24844 1.48109 1.65899 1.02997 1.81558 1.00702 1.79138 0.763623 0.56714 -0.045999 0.3858 0.044792
0.709164 1.66243 1.30371 1.08341 1.31367 0.501365 2.27135 1.41507 0.878849 -0.0468772 0.383936 -0.0136765
0.431551 1.82196 1.41623 0.884256 0.718364 -0.113852 1.75889 1.27213 0.946261 0.106744 0.376041 -0.0286733
1.00827 1.82057 0.936807 -0.0404604 0.140229 -0.489067 1.38758 0.51362 0.438017 0.133565 0.38724 -0.0343783
1.94349 1.35077 1.05712 -0.640031 0.80905 0.23425 1.34054 0.232377 0.0482204 0.0377627 0.272141 0.0572834
1.65424 1.33042 0.0795755 0.647757 1.41094 1.20645 0.551087 -0.214742 0.780626 0.652413 0.719014 -0.0414332
1.28778 1.10968 -0.641604 1.19341 1.73804 0.0426649 0.474792 -0.166576 1.11569 0.235053 0.579098 0.0162573
1.71214 1.55542 -0.244327 1.62107 1.92912 -0.0949259 0.342034 -0.380874 0.839554 0.073767 0.518016 0.0454014
2.53761 1.05213 -0.906188 0.600069 2.82065 2.14911 1.3684 0.116315 0.452251 0.00309711 0.380599 0.0838086
2.66828 0.791163 -0.944874 0.379901 3.17006 3.20437 1.48037 0.6275 0.130494 0.251501 0.310324 0.0859499
2.8412 2.10481 -0.521913 0.772767 2.8347 2.38511 1.37785 0.185341 0.653461 -0.0826833 0.327349 0.0387222
2.62015 2.37818 -0.385081 0.779572 3.71642 0.809913 1.18273 0.411272 0.620009 0.173225 0.237911 0.0267494
2.74977 2.20865 -0.600006 0.597192 4.31994 0.488511 1.35655 0.549174 0.53297 0.332449 0.209912 0.0530936
3.13518 1.42157 -1.0326 -0.186662 3.84193 0.997692 1.87983 1.34356 0.414667 0.296665 0.116699 0.0609275
4.79155 2.30773 -0.652281 -1.19326 1.37048 1.55358 0.806255 0.655323 0.402891 0.123072 0.242773 0.0128559
4.46972 2.23905 -0.89057 -1.42349 2.02969 1.80328 1.20117 1.10492 0.184285 0.00650999 0.144728 -0.00650138
4.11643 2.08974 -0.55648 -0.93312 1.58843 1.80559 1.57708 1.07045 0.0129227 0.0667801 0.0766468 0.0135722
4.03817 2.00473 -0.0458783 -0.613516 1.4996 2.01924 1.5088 0.990895 -0.114258 0.00649418 0.00888444 0.000614253
3.69701 1.94213 0.549899 -0.0334524 1.42826 2.0563 1.44851 0.828981 -0.309324 -0.205603 -0.0667654 -1.14339e-005
3.75407 1.97297 0.118784 -0.418305 0.839344 1.80412 1.47346 0.636068 -0.391766 -0.345124 0.00825915 0.0143406
4.95183 1.65746 -1.48737 -0.499472 2.39054 2.78663 1.183 0.303018 0.185113 0.0888424 0.0638605 -0.0511128
5.39489 1.6776 -1.88905 -0.478717 2.8117 2.64639 1.35266 0.520289 0.272996 0.142632 0.059388 -0.0392024
4.40986 2.02773 -1.00779 -0.0786522 1.474 3.03594 1.35824 0.0970016 0.185195 -0.140239 0.0386472 -0.00160498
3.28932 1.41264 0.109604 0.352156 1.57063 2.03246 1.44276 0.549478 -0.222581 -0.251351 -0.0790142 -0.00210668
3.20222 1.18251 -0.06574 0.0903239 1.58893 1.92189 1.57133 0.959363 0.051118 -0.281533 -0.262688 -0.0716112
3.84663 1.16278 -0.325887 0.155971 1.79025 1.41149 1.12316 1.29285 0.59005 -0.264061 -0.379952 -0.138694
3.32994 0.561808 -0.899291 0.843177 1.82712 1.55678 0.418226 1.12555 0.494702 -0.097319 -0.358136 -0.155823
3.2639 0.475623 -1.11495 0.922007 2.31373 1.96445 0.655305 1.02708 0.564684 -0.0742074 -0.210951 -0.125061
3.45339 0.607651 -1.35122 0.786946 3.09482 2.03036 1.09391 0.948179 0.744817 0.00507793 -0.0708903 -0.0906436
3.3764 0.872407 -0.598862 0.793143 2.9908 1.56271 1.14989 0.725901 0.608841 0.0819958 -0.0451122 -0.0468452
3.19252 1.16355 -0.00260708 0.92296 2.71748 1.84526 0.749529 0.586008 0.336288 -0.0132383 -0.0428161 -0.0236039
3.2652 1.52271 -0.110594 0.728617 2.26452 2.16065 1.06713 0.641127 0.547997 -0.321666 -0.102236 -0.0442112
3.16349 1.4712 0.054706 1.04611 1.93052 1.67005 1.32986 1.10007 0.526721 -0.454449 -0.364241 -0.0704119
3.45476 1.54645 -0.0601559 0.73176 1.54589 1.16266 1.28887 1.09655 0.477761 -0.350537 -0.408391 -0.109274
3.88089 1.68461 -0.221838 0.50607 1.99932 1.55918 1.19664 1.13099 0.63442 -0.0507556 -0.286296 -0.103911
3.45715 1.58892 0.322733 0.474877 2.13534 2.00275 1.25937 0.89916 0.649722 0.2149 -0.167283 -0.0634196
3.16321 1.5943 0.836436 0.876209 2.64348 2.08766 1.10884 0.674938 0.49289 0.256419 -0.0397414 -0.0109706
3.3614 1.62654 0.956345 0.9291 3.24063 2.33582 1.44813 1.01001 0.26553 -0.0193049 -0.212717 0.00168746
3.35535 1.65543 1.20943 1.30965 2.00659 1.70456 2.14325 1.60342 0.240585 -0.393131 -0.37494 -0.0193489
3.31456 1.98588 1.03247 1.26684 1.62413 0.908545 1.78067 1.15101 0.563534 -0.403686 -0.268231 -0.0431507
3.14149 2.03926 1.03022 1.44729 1.67688 0.863736 1.23149 0.890452 0.628922 -0.201624 -0.13818 -0.0304442
3.06114 1.89421 1.1394 1.60981 2.01946 1.33603 0.993464 0.943626 0.591123 -0.113642 -0.0483159 -0.00630048
2.91194 1.39213 1.67739 1.90767 1.70499 0.715357 1.09033 1.84322 0.639633 -0.238406 -0.250055 0.0187406
2.99368 1.05924 0.724149 1.96132 1.85788 0.596227 -0.0368458 0.861899 0.802001 0.0478682 -0.250224 -0.0593367
3.03893 1.15116 0.473598 2.11488 2.18812 0.870812 -0.180272 0.58974 0.950312 0.00126263 -0.181639 -0.0641889
3.26832 1.29237 0.339781 2.18351 2.80768 1.29193 0.0492588 0.69842 1.00913 -0.123837 -0.0866059 -0.0347569
3.40101 1.49524 0.330073 2.48436 2.85617 0.361865 0.0150865 1.41964 0.838412 -0.302421 -0.00830111 0.0272944
3.60928 1.09724 -0.194389 2.85847 3.97029 0.477764 -0.283465 1.32169 0.692672 0.0892027 0.000417208 0.0444868
3.51204 0.923933 -0.416889 2.61768 4.38568 1.47154 0.170048 1.25769 0.64938 -0.00307009 -0.0159967 0.0536697
2.63166 0.586155 0.377756 2.89921 2.90098 1.18319 0.857351 1.02869 0.500734 -0.2678 -0.053951 0.0681429
2.63509 0.654096 0.575302 3.05539 2.91557 1.11745 0.914253 1.04348 0.501248 -0.278225 -0.0672185 0.0717932
3.06999 0.648285 0.254131 2.96322 3.7194 1.59178 0.83565 1.14441 0.381122 -0.147836 -0.0344537 0.0918476
3.88764 1.11222 0.0878145 2.19653 5.01481 2.11104 -0.00290456 1.56397 0.024973 0.118761 -0.0109776 0.0429983
3.73648 1.29905 0.109225 1.82435 4.53635 1.35245 0.935903 1.46934 0.154296 0.0376482 -0.0566 0.0740576
3.2945 1.18071 0.2345 1.75295 4.17914 1.49161 1.33146 1.19202 0.359109 0.0430084 -0.0598074 0.0651853
3.12943 0.941588 0.542097 2.58511 3.57448 1.18558 0.750402 0.648149 0.136437 0.0891769 0.0769488 0.0451888
3.09186 0.909947 0.627687 2.73053 3.58022 1.24634 0.71223 0.531929 0.102477 0.109217 0.143607 0.0519111
3.23051 1.12543 0.489138 2.80505 3.67245 1.28095 0.721022 0.589363 0.216144 0.087915 0.175527 0.0578495
3.15362 2.00124 0.885409 1.77554 2.50666 1.63231 0.921787 0.436132 0.418328 0.216946 0.195479 0.0276194
3.03384 2.02879 1.04405 1.49023 1.96386 1.50103 1.02558 0.690656 0.570614 0.105054 0.0742701 0.0138749
3.07397 1.69246 1.16125 1.99335 2.40849 1.84725 1.05101 0.986269 0.876197 0.257208 0.140982 0.0469482
2.9331 1.73688 1.37817 1.93312 2.50257 2.31321 1.14062 0.756767 0.599628 0.298543 0.326859 0.0765831
2.39143 1.87716 1.74046 1.66436 1.82339 0.961199 0.648969 0.323272 0.26686 0.260035 0.212624 0.0221121
2.31397 1.79677 1.68121 1.60833 1.5693 0.648452 0.551147 0.34301 0.203945 0.151514 0.146325 0.00938817
2.50044 1.85678 1.65716 1.83634 1.86851 0.907175 0.879642 0.652203 0.352226 0.211376 0.214232 0.036468
2.9103 1.5247 0.0371794 1.33238 4.17858 1.22934 1.22119 1.54529 -0.343992 0.484481 0.205336 0.126529
2.68503 1.58865 -0.194294 1.36397 4.07608 1.00388 1.00759 1.3677 -0.091236 0.542347 0.145268 0.100922
2.41847 1.37903 0.331348 1.43493 3.5225 1.13514 0.694321 0.824455 0.0516493 0.536976 0.154873 0.0584109
2.55132 1.33358 1.15593 1.64222 2.75853 1.13852 0.115708 0.0518689 0.261186 0.553044 0.0876021 0.00204831
3.13107 0.825235 0.708753 1.11123 3.02473 0.879363 0.256374 -0.262225 0.00877389 0.306104 -0.157027 -0.0238473
3.47913 0.751682 0.44575 0.475476 3.00754 0.674077 0.121806 0.135129 -0.336421 0.34162 0.00396535 -0.021521
3.10729 1.01946 0.681642 0.124477 2.36761 0.86128 0.361174 -0.316955 -0.318567 0.409232 0.102478 0.00280295
2.95071 1.37963 1.02022 0.537112 2.11941 0.675341 0.71059 -1.01195 -0.149419 0.679427 0.257793 0.0228818
3.16365 0.736718 0.99956 0.46314 2.39933 0.691189 1.13703 -0.433738 -0.00214082 0.59659 0.0973905 0.0162957
2.87946 0.950555 0.811797 1.02341 1.88652 1.50073 1.21704 0.148193 0.299423 0.216937 0.0449006 0.00607661
2.72639 1.4513 1.5876 1.5041 1.56268 1.7384 0.589964 -0.052717 0.0900306 -0.250618 -0.121788 -0.00349324
2.5994 1.66166 1.86492 1.52081 1.41732 1.32493 0.50697 0.074616 -0.441188 -0.341722 0.0216935 -0.0333534
2.69342 2.09002 1.47441 1.04596 1.11958 0.85449 0.556211 0.143115 -0.214276 -0.0907252 -0.0079017 -0.0408807
2.81401 2.10685 1.49641 1.32903 1.33687 0.621208 0.738732 0.427814 0.324259 -0.181919 -0.0716399 -0.0249478
2.94777 1.84212 1.43015 0.915611 1.10695 1.16141 1.76965 0.535592 0.502361 -0.473002 -0.153122 0.00549652
3.26012 2.11305 1.68473 0.88436 1.28343 1.58067 2.15707 0.403946 0.497292 -0.32838 -0.0972613 0.0286352
3.40713 2.28604 1.08989 0.934806 2.89196 1.96142 1.30633 0.268322 0.516186 0.0154679 0.010087 0.0372131
3.084 2.29923 0.508888 0.990446 4.29236 2.19282 0.540383 0.277172 0.667068 0.0298666 0.265419 -0.00124787
2.74646 1.97895 0.729295 1.41298 2.50611 2.38135 0.910123 0.130364 0.738401 -0.278429 0.0935506 0.00535551
