1  0  0  0  0  
0.682946 0.317054 0 0 0 
0 0.869955 0.130045 0 0 
0 0 0.681051 0.318949 0 
0 0 0 0.943404 0.0565959 
0 0 0 0 1 
0.157087 0.119895 0.536987 1.99898e-005 0.00122235 9.50943e-009 0.166385 0.0184037 
0.101877 0.185251 0.681112 0.00442391 0.00143301 2.24985e-005 0.00758929 0.0182905 
0.0830682 0.398124 0.148894 0.163643 0.0195355 0.043293 1.04882e-005 0.143432 
0.0471565 0.150414 0.0466179 0.261354 0.0331686 0.397248 0.00142973 0.0626118 
0.250385 0.0352246 0.220622 0.0310151 0.000653345 0.00134664 0.425385 0.0353688 
