3.04632 0.790481 0.341354 -0.119082 2.81987 0.578434 0.458447 -0.869936 -0.068146 -0.0775538 -0.215562 0.0434504
2.85306 0.593148 0.994404 0.320473 2.6708 0.786048 1.45717 0.541179 0.0727027 -0.0254594 -0.37259 -0.0613665
3.02665 1.51896 0.568225 0.641201 2.38371 1.40735 1.74743 0.137882 0.279937 -0.265007 -0.127827 -0.0189351
3.25417 1.54907 -0.150851 1.61405 2.13769 0.650074 1.86951 0.48803 0.283321 -0.451999 -0.0547297 0.000430461
3.14442 1.54466 -1.01955 2.64002 2.78608 -0.122581 2.11964 0.228706 0.306155 -0.357594 -0.0330187 0.0560672
3.10917 0.944596 -0.507896 2.95304 2.7404 0.111068 2.5953 0.287424 0.135016 -0.236069 -0.0567388 0.0522776
2.95853 0.544532 0.0623729 2.34476 2.27858 0.645043 2.87469 0.455331 -0.290384 -0.419057 0.0375905 0.0537059
2.8794 0.508964 0.0107477 1.95756 1.93423 0.321483 3.01912 1.08902 -0.599341 -0.305453 -0.241427 0.0184659
2.90912 -0.693914 0.0145153 1.73091 1.38411 0.937501 2.45645 1.60119 -0.441189 -0.702379 -0.153121 -0.0185821
2.86747 -0.841193 -1.27846 2.1536 1.82201 1.05225 1.91986 1.19752 -0.194539 -1.04803 -0.167867 0.00781139
3.04052 -0.524851 -2.18344 2.37205 2.82422 0.799946 1.9614 1.04157 -0.125624 -0.962538 -0.144292 0.0509957
3.26648 -0.0497756 -2.42231 2.55381 3.65426 0.70428 2.1944 1.07272 -0.0280027 -0.675425 -0.126113 0.142594
3.35952 0.34415 -1.44171 1.79947 2.83209 1.08329 1.7785 0.84601 -0.0350307 -0.612025 -0.000138247 0.103584
3.24977 0.568707 -0.863626 1.19935 3.03405 1.60142 2.06552 0.358899 -0.0968124 -0.387548 -0.00501731 0.0769502
3.17804 0.756265 -0.984321 1.10649 3.56653 1.43741 2.71056 -0.247643 0.107439 -0.255723 -0.172262 0.0535283
1.96982 0.299895 -0.0764686 1.15853 2.80375 1.89925 2.10129 0.321532 -0.378 -0.251485 -0.300853 0.0348566
1.83594 0.00847105 -0.167274 1.12842 2.67637 1.36011 2.15439 0.729553 -0.588664 -0.550473 -0.275561 0.0295471
2.23344 0.376833 -0.542268 0.933132 3.14188 0.539614 2.70119 0.928915 -0.158798 -0.823926 -0.149095 0.066282
2.58772 1.23803 -1.02203 0.869209 3.87662 -0.0843451 2.97059 1.36134 0.286928 -0.768155 -0.0846988 0.129871
2.58709 1.71598 -0.302304 1.03747 3.69869 0.0803572 2.45508 1.1284 0.215151 -0.446401 -0.147433 0.103817
2.57929 1.83011 0.539354 0.987343 3.3577 0.379649 1.9142 0.897109 -0.091854 0.0458232 -0.213549 0.0691904
2.5366 1.69754 1.20542 0.922796 2.9525 -0.226374 2.18014 0.747812 -0.134024 -0.034709 -0.0571144 0.0806752
2.34086 1.49292 1.53132 1.33265 2.38211 -0.659724 1.8836 1.21006 0.0813668 -0.312239 -0.0392638 0.0925192
2.22856 1.71375 1.32542 2.00518 2.22562 -0.00362321 1.87027 1.38846 0.02692 -0.394404 -0.150422 0.101386
2.39055 1.93552 1.20233 2.41514 2.3223 0.808146 2.02594 1.40844 0.0413488 -0.248063 -0.209428 0.103162
2.67556 2.12646 1.37498 1.4726 1.85517 1.26028 1.97978 1.15553 0.10922 0.310352 -0.111749 0.0502087
2.83109 1.90925 1.50644 1.02231 1.29481 1.57685 1.67772 1.16908 0.395208 0.292883 0.0696696 0.0388487
2.78439 2.03327 1.51503 1.3832 0.935206 1.60127 1.48461 0.778307 0.469475 0.157277 0.103279 0.0410947
2.81417 2.19135 1.7127 1.84214 1.01466 1.59331 1.40367 0.606345 0.556871 0.211026 0.18299 0.0399137
2.7703 2.1308 1.91507 1.68456 1.25418 1.23831 1.28385 1.02227 0.358205 0.289829 0.127288 0.0342492
2.60881 1.94994 1.64776 1.5098 1.7254 1.20005 1.07138 0.681891 0.342949 0.196858 0.0280566 0.0356855
2.40486 2.58642 0.78428 1.38093 -0.322303 0.11288 1.10854 0.723004 1.40528 0.378976 0.347769 0.000859492
2.58271 2.67483 0.68976 1.05434 -0.81002 0.103041 1.23208 0.668705 1.14257 0.236214 0.227551 -0.0120873
2.5345 2.9097 0.795162 1.21869 -0.533685 0.24266 1.41577 0.80836 1.20721 0.282504 0.257138 -0.0192766
2.46873 3.20519 0.555228 1.18361 -0.277598 0.587332 1.4356 1.01989 1.10056 0.332457 0.188596 -0.0185607
2.2291 2.37213 0.54537 1.46909 0.156572 1.08392 1.08897 0.545889 0.6461 0.345348 0.0105984 0.0366122
2.56173 2.78365 1.08447 2.02557 0.839543 1.4966 1.4766 0.527846 0.67356 0.350929 0.00699621 0.0291896
2.52106 2.50015 1.6378 2.00697 1.69497 0.734853 1.05776 0.321176 0.46074 0.128964 0.204668 0.00866985
2.55606 2.51291 1.80678 2.11858 1.97177 0.650484 1.26976 0.590234 0.613731 0.229785 0.178591 0.0251949
2.5003 2.81916 1.89145 2.12176 2.38517 0.346673 1.77213 1.0206 0.767446 0.28968 0.0410308 0.0564926
2.47969 3.24758 2.04147 2.09563 2.56168 -0.1383 2.17922 1.4771 1.01019 0.0502027 0.00998953 0.0684286
2.42776 3.53936 1.6991 1.69993 2.81141 -0.261581 2.01322 1.326 0.770575 0.165848 0.0997002 0.0512005
2.39868 2.45204 1.28779 1.46038 1.47836 0.43898 1.21845 0.684753 0.610356 0.136089 0.0893299 0.00557717
2.24878 2.12052 1.43356 1.36863 1.20274 0.311383 1.02478 0.330223 0.433232 -0.0979985 -0.00398759 -0.00226292
2.33377 2.24992 1.87006 1.52288 1.53257 0.320466 1.17231 0.257922 0.451304 0.00826227 0.0339777 0.00636452
2.27896 2.67624 2.01141 1.4375 1.78034 0.0413564 1.17355 0.600338 0.571053 0.333112 -0.0417922 0.0306486
2.33051 2.15684 1.53042 1.13545 1.88141 0.687486 1.13792 0.606337 0.36336 0.36081 -0.0914709 0.00314008
2.38742 1.95591 1.80671 0.865115 2.23043 0.97495 1.12167 0.796255 0.229341 0.313229 -0.0494758 -0.000185847
1.74067 2.22398 2.50147 0.724555 2.44695 1.32107 1.01546 1.02005 0.313579 0.149539 0.129706 -0.00369832
0.45032 2.00349 4.02742 0.394452 2.07412 2.04769 0.186486 0.392102 1.11244 0.498762 0.120748 -0.00126962
0.109082 1.73033 4.28295 0.520103 2.31111 2.15419 -0.360523 0.312179 1.21028 0.592756 -0.00431918 0.00992466
0.470099 2.05709 3.84089 0.687053 1.60657 1.77306 -0.74532 0.242017 0.738386 0.495127 0.0411224 0.0368327
1.03177 2.20562 2.62128 0.948286 1.26983 1.39593 -0.327818 0.404012 0.452366 0.231364 0.179891 0.0356167
1.17672 2.28715 2.24769 1.06339 1.30294 1.62981 -0.15039 1.11412 0.29006 0.0525626 0.445588 -0.0281326
0.901773 2.27091 2.40184 1.37883 1.38934 1.98627 0.0221991 1.59012 0.393955 0.265823 0.388461 -0.0158708
0.520936 2.11117 2.72627 1.30594 1.93173 1.22251 0.53408 1.30838 0.199782 0.528166 0.275501 -0.0258282
0.817544 2.04755 2.58303 1.01992 2.01362 0.619027 0.800127 0.79273 0.261974 0.562255 0.337697 -0.0314861
1.43246 1.82302 2.45561 0.201697 2.0067 0.845441 0.496485 0.720029 0.567899 0.412745 0.296605 0.00202399
2.01004 1.3523 2.32307 0.8467 1.5966 1.46228 0.57122 0.685853 1.05803 0.294222 0.0079589 0.0416084
1.55182 0.349253 3.16111 0.767503 2.08348 1.32942 0.564199 1.43522 0.751799 0.259551 0.22189 -0.0132531
1.05391 0.837661 2.9402 1.25562 1.72818 0.511231 0.983573 1.05746 1.42248 -0.339161 0.242732 0.0491666
0.996393 1.19278 2.54701 1.23388 2.73436 0.886113 1.46482 0.76796 0.804443 -0.276445 0.2773 0.0616943
1.26691 1.6482 2.11336 1.2797 2.73891 0.990802 1.32834 0.6934 0.622684 -0.415659 0.27518 0.0535398
1.83321 1.95771 1.3867 1.65716 2.69704 1.21396 0.728811 0.278537 0.698494 -0.215581 0.16765 0.0161326
2.57818 1.90437 0.968253 0.640011 1.21907 1.28349 2.26836 0.31133 0.568603 -0.263423 -0.166863 -0.0142414
2.41303 1.99061 1.29547 0.317923 1.93949 0.784821 2.77025 1.19401 0.264152 0.157627 -0.353124 0.0105733
2.39759 2.20582 0.88116 0.318643 2.64827 1.12781 2.85838 1.60333 0.401858 0.210062 -0.455607 0.0367387
2.4912 2.35822 0.215273 0.316274 3.43418 1.50579 2.54472 1.6534 0.583196 -0.0314813 -0.394711 0.0236905
2.68801 2.14728 -0.542336 0.746331 3.40106 1.72955 2.28617 1.29744 0.798263 -0.403329 -0.236179 -0.0137429
2.88921 1.77427 -1.02918 0.897322 3.75122 1.51839 2.08661 1.21015 0.619603 -0.495612 -0.211438 -0.00311205
2.80483 1.41516 -1.11507 1.42428 3.38156 1.62166 1.91364 1.28734 0.433649 -0.591873 -0.230705 0.0167638
2.92192 1.33692 -1.42896 1.69828 3.50304 1.52207 1.62915 1.434 0.204452 -0.611997 -0.275512 0.0450929
3.2092 1.48275 -2.01821 1.59104 3.93706 1.07412 1.57362 1.43968 0.162752 -0.597782 -0.328479 0.070753
3.42409 1.38424 -2.14655 1.31405 4.39392 0.660984 1.65036 1.28518 0.202409 -0.531284 -0.388204 0.0859131
3.66313 1.25162 -2.11557 1.21288 4.56789 0.38327 1.85544 0.980323 0.402625 -0.588441 -0.4216 0.0890037
3.55813 1.03558 -1.91274 1.38543 4.2726 0.897765 1.49731 1.0161 0.360713 -0.616564 -0.364253 0.0424944
3.35504 0.85865 -1.70176 1.69413 3.75777 1.6087 1.11069 1.01505 0.38061 -0.663979 -0.298235 0.00359976
3.18524 0.820143 -1.67339 1.87296 3.47567 2.07886 0.908144 1.00772 0.35546 -0.637734 -0.251408 -0.00490343
3.11684 0.748868 -1.43007 1.81491 3.50291 2.13401 1.01181 0.876057 0.341198 -0.573492 -0.228554 -0.00318688
3.22411 0.645418 -1.32747 1.69115 3.63049 1.94455 1.07214 0.908717 0.333197 -0.554246 -0.227864 0.00270788
3.41909 0.58761 -1.43334 1.69877 3.66393 1.93772 0.825579 1.14815 0.198351 -0.437935 -0.258106 0.00471018
3.64383 0.541997 -1.70348 1.86917 3.58662 1.99004 0.655451 1.20175 0.224611 -0.409331 -0.27444 0.00665245
3.86883 0.635494 -1.83339 2.10629 3.39073 1.79643 0.751109 0.978674 0.391371 -0.451336 -0.240087 0.00419289
4.10795 0.541468 -2.27826 2.35239 3.63578 1.35614 1.08919 0.637573 0.547838 -0.473088 -0.199171 0.00872329
4.33038 0.37203 -2.29601 2.30329 3.85277 0.880813 1.4233 0.709566 0.576554 -0.486476 -0.254667 0.0294374
3.85935 0.095756 -1.6059 1.98143 3.57683 1.43987 1.08171 0.865376 0.526448 -0.508131 -0.179208 0.0235247
3.38733 0.0555506 -0.901826 1.85171 3.20972 1.83552 0.866541 1.01067 0.57649 -0.625696 -0.104556 0.0320122
3.20157 0.0674134 -0.596347 1.77992 3.38589 2.05575 0.518777 0.778188 0.638604 -0.528344 0.0937725 0.0511051
3.24395 0.155205 0.290104 1.63545 3.43659 1.78717 0.208537 0.77193 0.515903 -0.265218 0.191422 0.0681662
3.11683 0.536117 0.30668 1.83498 3.37478 1.89589 0.259624 0.589865 -0.101714 0.258139 0.126084 0.0414364
2.56101 1.57238 0.993452 1.2788 1.7839 1.69981 0.616569 0.200495 0.255442 0.276503 0.186833 0.0513893
2.55055 1.82395 1.15329 1.06473 1.54242 1.86444 1.05802 0.258841 0.234346 0.3 0.260605 0.0681085
2.64149 1.86092 1.15769 1.07358 1.58094 2.07869 1.6199 0.5894 0.230251 0.145787 0.267919 0.0804823
2.78963 1.64483 1.25961 1.60089 1.77345 2.05501 1.9718 1.13566 0.22948 -0.320517 0.0854497 0.0977515
2.71872 1.47938 1.29548 1.83212 1.64619 1.63452 1.40561 0.905338 0.129083 -0.494417 -0.216063 0.0879686
2.48424 1.18733 0.817004 1.78575 1.91948 1.19974 1.04297 0.648603 0.163025 -0.3283 -0.353999 0.0884998
2.37587 1.01825 0.746831 1.52671 1.89081 1.27869 0.899176 0.888895 0.412704 -0.138906 -0.15841 0.1007
2.61672 1.47591 1.04484 1.52486 1.67995 1.35559 0.980734 0.983888 0.788293 0.0427016 0.0983778 0.068317
2.75782 1.58412 1.20411 1.81327 1.60022 1.34108 1.23158 0.654422 0.71498 0.198083 0.242118 0.0701088
2.63929 1.92232 1.53773 1.77424 1.90506 1.11441 0.536559 0.274024 0.809183 0.427809 0.169475 0.0554573
2.43599 1.87414 1.6491 1.81425 1.72203 1.15419 0.426728 0.204944 0.518305 0.452251 0.261898 0.0553558
2.38048 1.91853 1.62355 1.66417 1.44345 1.18332 0.460572 0.238982 0.376378 0.49818 0.291584 0.0585239
2.47217 1.88993 1.44237 1.42141 1.48786 1.24065 0.487817 0.0829304 0.280935 0.608001 0.308793 0.0610012
2.76169 1.98585 1.46738 1.3664 1.83856 1.409 0.578154 -0.178473 0.13344 0.458301 0.217664 0.0573268
3.05845 2.29425 1.2307 1.14285 1.44983 1.20032 1.30059 0.48643 -0.058592 -0.117068 -0.00432219 0.0396642
3.07609 2.44292 1.04032 0.98266 1.15538 0.882812 1.63402 1.0051 -0.220781 -0.40364 -0.125462 0.0210037
2.88088 1.81489 1.01791 0.882238 1.4375 1.23923 1.34807 0.708172 0.132633 0.106457 -0.0518785 0.0674157
2.57375 1.81958 1.51153 1.4024 1.52671 1.04467 1.18528 0.202679 0.57165 0.550387 0.255684 0.0681643
2.50956 1.7957 1.84827 1.48269 1.63673 1.22434 0.974799 0.355575 0.378605 0.433942 0.231962 0.0636261
2.51423 1.8244 1.95196 1.46585 1.64625 1.38757 1.10346 0.589897 0.250332 0.276609 0.058064 0.0623858
2.51376 1.85219 1.85756 1.49189 1.69251 1.43718 1.28815 0.698203 0.183995 0.141025 -0.0797125 0.0629696
2.6454 1.89855 1.5201 1.38629 1.71588 1.23568 1.34044 0.693983 0.232917 0.169498 -0.0908143 0.0580309
2.76713 1.93351 0.870608 1.00806 1.65068 1.39995 0.948611 0.0241669 0.0964771 0.367228 0.197604 0.0744056
