1  0  0  0  0  
0.898673 0.101327 0 0 0 
0 0.623714 0.376286 0 0 
0 0 0.875651 0.124349 0 
0 0 0 0.955163 0.0448374 
0 0 0 0 1 
0.65623 0.00102084 0.0215213 0.00832954 0.0143783 0.00116519 0.296315 0.00103975 
0.553825 0.0010229 0.00103297 0.115638 0.309867 0.00413192 0.013384 0.00109858 
0.0150598 0.00103234 0.00102056 0.184826 0.636271 0.159148 0.00138711 0.00125554 
0.00902652 0.00700229 0.00118047 0.161016 0.161503 0.63281 0.00239731 0.0250654 
0.252776 0.00796865 0.00721684 0.0139412 0.00302283 0.00602011 0.641135 0.067919 
