1  0  0  0  0  
0.872091 0.127909 0 0 0 
0 0.779706 0.220294 0 0 
0 0 0.637045 0.362955 0 
0 0 0 0.933933 0.066067 
0 0 0 0 1 
0.125158 0.0278569 0.00755014 0.0545044 0.00401015 0.00371116 0.177634 0.599576 
0.172642 0.0349626 0.051648 0.0152752 1.93827e-006 0.00140339 0.26269 0.461376 
0.0320458 0.180891 0.518607 0.00134117 1e-050 3.17045e-005 0.19952 0.0675639 
0.00633247 0.0325229 0.894047 5.15485e-005 1e-050 2.33957e-006 0.0629682 0.0040753 
0.0896056 0.00777647 0.34666 1.46263e-006 1e-050 1.07131e-008 0.551193 0.00476315 
