1  0  0  0  0  
0.828334 0.171666 0 0 0 
0 0.60333 0.396669 0 0 
0 0 0.834345 0.165655 0 
0 0 0 0.903813 0.0961875 
0 0 0 0 1 
0.0505819 0.0516711 0.00367359 0.00581697 0.00369344 0.00461659 0.861505 0.0184417 
0.139937 0.33346 0.00367866 0.0419947 0.00719363 0.0175672 0.146172 0.309997 
0.0375218 0.593608 0.00372755 0.154511 0.00736586 0.0838318 0.0115563 0.107878 
0.0125846 0.282135 0.00379865 0.305532 0.00549403 0.360326 0.00569937 0.02443 
0.0849414 0.116694 0.00683402 0.249082 0.00474104 0.374497 0.019407 0.143804 
