1  0  0  0  0  
0.857145 0.142855 0 0 0 
0 0.606633 0.393367 0 0 
0 0 0.706133 0.293867 0 
0 0 0 0.929592 0.0704081 
0 0 0 0 1 
0.146961 0.000498855 0.0899681 0.000274521 2.81658e-008 3.2954e-007 0.753269 0.00902719 
0.146215 0.080606 0.318569 0.0114224 1.51112e-007 5.74809e-006 0.423616 0.0195658 
0.0694193 0.20519 0.608865 0.0189389 6.69693e-007 3.23022e-005 0.075827 0.0217271 
0.0574889 0.14588 0.684753 0.00928595 8.09073e-005 0.00569594 0.0852209 0.0115943 
0.16899 0.0291254 0.0382871 0.19231 0.00255555 0.0673282 0.112808 0.388595 
