1  0  0  0  0  
0.491552 0.508448 0 0 0 
0 0.582885 0.417115 0 0 
0 0 0.931598 0.0684024 0 
0 0 0 0.956175 0.0438246 
0 0 0 0 1 
0.356944 0.00143093 0.0237776 0.160246 0.123094 0.0506319 0.073709 0.210167 
0.592019 0.0014767 0.00243247 0.0777055 0.281645 0.00527037 0.0238293 0.0156213 
0.610193 0.00175916 0.00481407 0.0419131 0.331085 0.00174794 0.00628358 0.00220421 
0.617176 0.0022776 0.00697084 0.0638611 0.298478 0.00468369 0.00392346 0.0026289 
0.698467 0.00498401 0.00267202 0.0840109 0.0404343 0.00365809 0.143566 0.0222074 
