1  0  0  0  0  
0.774072 0.225928 0 0 0 
0 0.928335 0.0716653 0 0 
0 0 0.749205 0.250795 0 
0 0 0 0.688423 0.311577 
0 0 0 0 1 
0.100221 0.00734515 0.00186234 0.176047 0.462583 0.204132 0.0107819 0.037028 
0.00323516 0.00267894 0.00194425 0.0797017 0.0286317 0.878206 0.00205234 0.00354957 
0.0103869 0.0700389 0.00521104 0.317387 0.0220153 0.566837 0.00254495 0.00557855 
0.116188 0.416932 0.182177 0.201535 0.0166254 0.0436524 0.00991448 0.0129758 
0.189431 0.0218593 0.388725 0.0150199 0.00200307 0.00295908 0.30843 0.0715724 
